structure(list(`4` = c(0.0079345703125, 0.00054931640625, 0.003265380859375, 
0.00018310546875, 0.003753662109375), `8` = c(0.00323486328125, 
0.002410888671875, 0.001312255859375, 0.0018310546875, 0.002044677734375
), `16` = c(0.000885009765625, 0.000335693359375, 0.000396728515625, 
0.00341796875, 0.002960205078125), `32` = c(0.004180908203125, 
0.00238037109375, 0.00506591796875, 0.003082275390625, 0.000244140625
), `64` = c(0.003631591796875, 0.0025634765625, 0.00250244140625, 
0.00201416015625, 0.00628662109375), `128` = c(0.0023193359375, 
0.007171630859375, 0.001434326171875, 0.001953125, 0.004150390625
), `256` = c(0.003692626953125, 0.001068115234375, 0.003143310546875, 
0.001129150390625, 0.003509521484375), `512` = c(0.00335693359375, 
0.002288818359375, 0.0013427734375, 0.00689697265625, 0.00372314453125
), `1024` = c(0.000518798828125, 0.003021240234375, 0.000823974609375, 
0.005279541015625, 0.003143310546875), `2048` = c(0.00042724609375, 
0.0008544921875, 0.002899169921875, 0.0001220703125, 0.000640869140625
), `4096` = c(0.005401611328125, 0.000946044921875, 0.002349853515625, 
0.00244140625, 0.00146484375), `8192` = c(0.000701904296875, 
0.004425048828125, 0.00262451171875, 0.002655029296875, 0.004180908203125
), `16384` = c(0.001617431640625, 0.001068115234375, 0.001617431640625, 
0.0035400390625, 0.001708984375), `32768` = c(0.000732421875, 
0.004425048828125, 0.003326416015625, 0.002960205078125, 0.002471923828125
)), row.names = c("0.01", "0.05", "0.1", "0.25", "0.5"), class = "data.frame")
